#Salzinnes-Salzinnes and Salzinnes-dibco2016 Histograms
0.00    77.37804841    
0.00    05.386916228

1.00    02.622398897
1.00    08.105491707

2.00    00.773817402
2.00    08.666701607

3.00    00.513973652
3.00    09.114247385

4.00    00.4286856618
4.00    09.580918526

5.00    00.4067555147
5.00    07.979506437

6.00    0.004255637255
6.00    07.359617836

7.00    00.4862438725
7.00    07.322095037

8.00    00.6550827206
8.00    07.643050214

9.00    01.356746324
9.00    08.095101485

10.00    14.952683820
10.00    20.74635354



										
